+-----------++-----------++-----------+
| 2 | 6 | 3 || 1 | 9 | 5 || 7 | 4 | 8 |
+-----------++-----------++-----------+
| 8 | 5 | 7 || 4 | 2 | 6 || 1 | 3 | 9 |
+-----------++-----------++-----------+
| 4 | 1 | 9 || 8 | 3 | 7 || 6 | 5 | 2 |
+-----------++-----------++-----------+
+-----------++-----------++-----------+
| 3 | 7 | 6 || 9 | 8 | 4 || 2 | 1 | 5 |
+-----------++-----------++-----------+
| 9 | 2 | 4 || 7 | 5 | 1 || 8 | 6 | 3 |
+-----------++-----------++-----------+
| 5 | 8 | 1 || 2 | 6 | 3 || 4 | 9 | 7 |
+-----------++-----------++-----------+
+-----------++-----------++-----------+
| 1 | 4 | 8 || 3 | 7 | 9 || 5 | 2 | 6 |
+-----------++-----------++-----------+
| 7 | 9 | 5 || 6 | 4 | 2 || 3 | 8 | 1 |
+-----------++-----------++-----------+
| 6 | 3 | 2 || 5 | 1 | 8 || 9 | 7 | 4 |
+-----------++-----------++-----------+



